{
 "cells": [
  {
   "cell_type": "code",
   "execution_count": 28,
   "metadata": {
    "collapsed": true
   },
   "outputs": [],
   "source": [
    "import pandas as pd\n",
    "import numpy as np\n",
    "import matplotlib.pyplot as plt\n",
    "\n",
    "import re\n",
    "\n",
    "%matplotlib inline"
   ]
  },
  {
   "cell_type": "code",
   "execution_count": 29,
   "metadata": {
    "collapsed": true
   },
   "outputs": [],
   "source": [
    "act = pd.read_csv('data/atusact_2014.dat')\n",
    "cps = pd.read_csv('data/atuscps_2014.dat')\n",
    "resp = pd.read_csv('data/atusresp_2014.dat')\n",
    "rost = pd.read_csv('data/atusrost_2014.dat')\n",
    "atussum = pd.read_csv('data/atussum_2014.dat') \n",
    "who = pd.read_csv('data/atuswho_2014.dat')"
   ]
  },
  {
   "cell_type": "code",
   "execution_count": null,
   "metadata": {
    "collapsed": false
   },
   "outputs": [],
   "source": []
  },
  {
   "cell_type": "code",
   "execution_count": null,
   "metadata": {
    "collapsed": false
   },
   "outputs": [],
   "source": []
  },
  {
   "cell_type": "code",
   "execution_count": 30,
   "metadata": {
    "collapsed": false
   },
   "outputs": [
    {
     "data": {
      "text/html": [
       "<div>\n",
       "<table border=\"1\" class=\"dataframe\">\n",
       "  <thead>\n",
       "    <tr style=\"text-align: right;\">\n",
       "      <th></th>\n",
       "      <th>1</th>\n",
       "      <th>2</th>\n",
       "    </tr>\n",
       "  </thead>\n",
       "  <tbody>\n",
       "    <tr>\n",
       "      <th>1</th>\n",
       "      <td>1.000000</td>\n",
       "      <td>0.168112</td>\n",
       "    </tr>\n",
       "    <tr>\n",
       "      <th>2</th>\n",
       "      <td>0.168112</td>\n",
       "      <td>1.000000</td>\n",
       "    </tr>\n",
       "  </tbody>\n",
       "</table>\n",
       "</div>"
      ],
      "text/plain": [
       "          1         2\n",
       "1  1.000000  0.168112\n",
       "2  0.168112  1.000000"
      ]
     },
     "execution_count": 30,
     "metadata": {},
     "output_type": "execute_result"
    }
   ],
   "source": [
    "resp.head()\n",
    "#resp['TRTHHFAMILY'] \n",
    "#resp['TRTNOCHILD']\n",
    "new_data = pd.concat([resp['TRTHHFAMILY'], resp['TRTNOCHILD']], axis=1, keys=['1', '2'])\n",
    "new_data.corr()"
   ]
  },
  {
   "cell_type": "code",
   "execution_count": 31,
   "metadata": {
    "collapsed": false
   },
   "outputs": [
    {
     "data": {
      "text/html": [
       "<div>\n",
       "<table border=\"1\" class=\"dataframe\">\n",
       "  <thead>\n",
       "    <tr style=\"text-align: right;\">\n",
       "      <th></th>\n",
       "      <th>TUCASEID</th>\n",
       "      <th>TULINENO</th>\n",
       "      <th>TEAGE</th>\n",
       "      <th>TERRP</th>\n",
       "      <th>TESEX</th>\n",
       "      <th>TXAGE</th>\n",
       "      <th>TXRRP</th>\n",
       "      <th>TXSEX</th>\n",
       "    </tr>\n",
       "  </thead>\n",
       "  <tbody>\n",
       "    <tr>\n",
       "      <th>0</th>\n",
       "      <td>20140101140007</td>\n",
       "      <td>1</td>\n",
       "      <td>20</td>\n",
       "      <td>19</td>\n",
       "      <td>2</td>\n",
       "      <td>0</td>\n",
       "      <td>0</td>\n",
       "      <td>0</td>\n",
       "    </tr>\n",
       "    <tr>\n",
       "      <th>1</th>\n",
       "      <td>20140101140007</td>\n",
       "      <td>2</td>\n",
       "      <td>19</td>\n",
       "      <td>21</td>\n",
       "      <td>1</td>\n",
       "      <td>0</td>\n",
       "      <td>0</td>\n",
       "      <td>0</td>\n",
       "    </tr>\n",
       "    <tr>\n",
       "      <th>2</th>\n",
       "      <td>20140101140007</td>\n",
       "      <td>3</td>\n",
       "      <td>0</td>\n",
       "      <td>22</td>\n",
       "      <td>1</td>\n",
       "      <td>0</td>\n",
       "      <td>0</td>\n",
       "      <td>0</td>\n",
       "    </tr>\n",
       "    <tr>\n",
       "      <th>3</th>\n",
       "      <td>20140101140011</td>\n",
       "      <td>1</td>\n",
       "      <td>16</td>\n",
       "      <td>18</td>\n",
       "      <td>2</td>\n",
       "      <td>0</td>\n",
       "      <td>0</td>\n",
       "      <td>0</td>\n",
       "    </tr>\n",
       "    <tr>\n",
       "      <th>4</th>\n",
       "      <td>20140101140011</td>\n",
       "      <td>2</td>\n",
       "      <td>33</td>\n",
       "      <td>24</td>\n",
       "      <td>2</td>\n",
       "      <td>0</td>\n",
       "      <td>0</td>\n",
       "      <td>0</td>\n",
       "    </tr>\n",
       "  </tbody>\n",
       "</table>\n",
       "</div>"
      ],
      "text/plain": [
       "         TUCASEID  TULINENO  TEAGE  TERRP  TESEX  TXAGE  TXRRP  TXSEX\n",
       "0  20140101140007         1     20     19      2      0      0      0\n",
       "1  20140101140007         2     19     21      1      0      0      0\n",
       "2  20140101140007         3      0     22      1      0      0      0\n",
       "3  20140101140011         1     16     18      2      0      0      0\n",
       "4  20140101140011         2     33     24      2      0      0      0"
      ]
     },
     "execution_count": 31,
     "metadata": {},
     "output_type": "execute_result"
    }
   ],
   "source": [
    "rost.head()"
   ]
  },
  {
   "cell_type": "code",
   "execution_count": 49,
   "metadata": {
    "collapsed": false
   },
   "outputs": [
    {
     "name": "stdout",
     "output_type": "stream",
     "text": [
      "-0.400442745477\n",
      "-0.402282784184\n",
      "1.0\n",
      "-0.532681815669\n",
      "-0.483902504237\n"
     ]
    }
   ],
   "source": [
    "atussum.rename(columns={'TEAGE':'Age', 'TESEX':'Sex', 'tucaseid':'ID', 't120302':'drug_use','t120301':'relaxing_thinking', 't050101':'working'}, inplace=True)\n",
    "atussum.rename(columns={'t120303':'TV','t120305':'Radio','t140101':'religious','t160101':'phone', 't120313':'writing'}, inplace=True)\n",
    "atussum.rename(columns={'t120404':'gambling', 't010101':'sleeping','t500106':'gap', 't180501':'work_travel'}, inplace=True)\n",
    "interesting_data = pd.concat([atussum['ID'], atussum['Age'], atussum['Sex'], atussum['drug_use'], atussum['relaxing_thinking']], axis=1, keys=['ID', 'Age', 'Sex', 'drug_use', 'relaxing_thinking'])\n",
    "interesting_data['working'] = atussum['working']\n",
    "interesting_data['TV'] = atussum['TV']\n",
    "interesting_data['Radio'] = atussum['Radio']\n",
    "interesting_data['religious'] = atussum['religious']\n",
    "interesting_data['phone'] = atussum['phone']\n",
    "interesting_data['writing'] = atussum['writing']\n",
    "interesting_data['gambling'] = atussum['gambling']\n",
    "interesting_data['sleeping'] = atussum['sleeping']\n",
    "interesting_data['gap'] = atussum['gap']\n",
    "interesting_data['work_travel'] = atussum['work_travel']\n",
    "atussum = atussum.corr()\n",
    "for x in atussum['sleeping']:\n",
    "    if x > .40 or x < -.40:\n",
    "        print(x)"
   ]
  },
  {
   "cell_type": "code",
   "execution_count": 39,
   "metadata": {
    "collapsed": false
   },
   "outputs": [
    {
     "data": {
      "text/html": [
       "<div>\n",
       "<table border=\"1\" class=\"dataframe\">\n",
       "  <thead>\n",
       "    <tr style=\"text-align: right;\">\n",
       "      <th></th>\n",
       "      <th>ID</th>\n",
       "      <th>Age</th>\n",
       "      <th>Sex</th>\n",
       "      <th>drug_use</th>\n",
       "      <th>relaxing_thinking</th>\n",
       "      <th>working</th>\n",
       "      <th>TV</th>\n",
       "      <th>Radio</th>\n",
       "      <th>religious</th>\n",
       "      <th>phone</th>\n",
       "      <th>writing</th>\n",
       "      <th>gambling</th>\n",
       "      <th>sleeping</th>\n",
       "      <th>gap</th>\n",
       "    </tr>\n",
       "  </thead>\n",
       "  <tbody>\n",
       "    <tr>\n",
       "      <th>ID</th>\n",
       "      <td>1.000000</td>\n",
       "      <td>-0.007162</td>\n",
       "      <td>-0.017115</td>\n",
       "      <td>0.010170</td>\n",
       "      <td>-0.005620</td>\n",
       "      <td>-0.007540</td>\n",
       "      <td>-0.004635</td>\n",
       "      <td>-0.012316</td>\n",
       "      <td>0.012055</td>\n",
       "      <td>-0.015804</td>\n",
       "      <td>0.001599</td>\n",
       "      <td>-0.010551</td>\n",
       "      <td>0.010324</td>\n",
       "      <td>-0.017501</td>\n",
       "    </tr>\n",
       "    <tr>\n",
       "      <th>Age</th>\n",
       "      <td>-0.007162</td>\n",
       "      <td>1.000000</td>\n",
       "      <td>0.051919</td>\n",
       "      <td>-0.012528</td>\n",
       "      <td>0.108553</td>\n",
       "      <td>-0.172342</td>\n",
       "      <td>0.252330</td>\n",
       "      <td>0.054733</td>\n",
       "      <td>0.061291</td>\n",
       "      <td>0.075352</td>\n",
       "      <td>0.009504</td>\n",
       "      <td>0.033953</td>\n",
       "      <td>-0.041956</td>\n",
       "      <td>0.099584</td>\n",
       "    </tr>\n",
       "    <tr>\n",
       "      <th>Sex</th>\n",
       "      <td>-0.017115</td>\n",
       "      <td>0.051919</td>\n",
       "      <td>1.000000</td>\n",
       "      <td>0.002179</td>\n",
       "      <td>-0.019879</td>\n",
       "      <td>-0.128552</td>\n",
       "      <td>-0.084646</td>\n",
       "      <td>-0.019857</td>\n",
       "      <td>0.051106</td>\n",
       "      <td>0.094356</td>\n",
       "      <td>-0.016057</td>\n",
       "      <td>-0.013673</td>\n",
       "      <td>0.046865</td>\n",
       "      <td>0.018821</td>\n",
       "    </tr>\n",
       "    <tr>\n",
       "      <th>drug_use</th>\n",
       "      <td>0.010170</td>\n",
       "      <td>-0.012528</td>\n",
       "      <td>0.002179</td>\n",
       "      <td>1.000000</td>\n",
       "      <td>-0.003088</td>\n",
       "      <td>0.007088</td>\n",
       "      <td>-0.004657</td>\n",
       "      <td>-0.001341</td>\n",
       "      <td>-0.015033</td>\n",
       "      <td>0.015161</td>\n",
       "      <td>-0.002077</td>\n",
       "      <td>-0.002712</td>\n",
       "      <td>-0.025801</td>\n",
       "      <td>-0.009053</td>\n",
       "    </tr>\n",
       "    <tr>\n",
       "      <th>relaxing_thinking</th>\n",
       "      <td>-0.005620</td>\n",
       "      <td>0.108553</td>\n",
       "      <td>-0.019879</td>\n",
       "      <td>-0.003088</td>\n",
       "      <td>1.000000</td>\n",
       "      <td>-0.079454</td>\n",
       "      <td>-0.047878</td>\n",
       "      <td>0.021202</td>\n",
       "      <td>0.010611</td>\n",
       "      <td>-0.012494</td>\n",
       "      <td>-0.007679</td>\n",
       "      <td>-0.008832</td>\n",
       "      <td>-0.004910</td>\n",
       "      <td>-0.000952</td>\n",
       "    </tr>\n",
       "    <tr>\n",
       "      <th>working</th>\n",
       "      <td>-0.007540</td>\n",
       "      <td>-0.172342</td>\n",
       "      <td>-0.128552</td>\n",
       "      <td>0.007088</td>\n",
       "      <td>-0.079454</td>\n",
       "      <td>1.000000</td>\n",
       "      <td>-0.313846</td>\n",
       "      <td>-0.023008</td>\n",
       "      <td>-0.132238</td>\n",
       "      <td>-0.056621</td>\n",
       "      <td>-0.006519</td>\n",
       "      <td>-0.023974</td>\n",
       "      <td>-0.332465</td>\n",
       "      <td>-0.067800</td>\n",
       "    </tr>\n",
       "    <tr>\n",
       "      <th>TV</th>\n",
       "      <td>-0.004635</td>\n",
       "      <td>0.252330</td>\n",
       "      <td>-0.084646</td>\n",
       "      <td>-0.004657</td>\n",
       "      <td>-0.047878</td>\n",
       "      <td>-0.313846</td>\n",
       "      <td>1.000000</td>\n",
       "      <td>-0.006814</td>\n",
       "      <td>-0.006948</td>\n",
       "      <td>-0.007279</td>\n",
       "      <td>-0.013734</td>\n",
       "      <td>-0.003788</td>\n",
       "      <td>0.035563</td>\n",
       "      <td>-0.019328</td>\n",
       "    </tr>\n",
       "    <tr>\n",
       "      <th>Radio</th>\n",
       "      <td>-0.012316</td>\n",
       "      <td>0.054733</td>\n",
       "      <td>-0.019857</td>\n",
       "      <td>-0.001341</td>\n",
       "      <td>0.021202</td>\n",
       "      <td>-0.023008</td>\n",
       "      <td>-0.006814</td>\n",
       "      <td>1.000000</td>\n",
       "      <td>0.025761</td>\n",
       "      <td>-0.005729</td>\n",
       "      <td>-0.000873</td>\n",
       "      <td>-0.003858</td>\n",
       "      <td>-0.025609</td>\n",
       "      <td>0.003671</td>\n",
       "    </tr>\n",
       "    <tr>\n",
       "      <th>religious</th>\n",
       "      <td>0.012055</td>\n",
       "      <td>0.061291</td>\n",
       "      <td>0.051106</td>\n",
       "      <td>-0.015033</td>\n",
       "      <td>0.010611</td>\n",
       "      <td>-0.132238</td>\n",
       "      <td>-0.006948</td>\n",
       "      <td>0.025761</td>\n",
       "      <td>1.000000</td>\n",
       "      <td>0.017264</td>\n",
       "      <td>-0.005689</td>\n",
       "      <td>0.000671</td>\n",
       "      <td>0.040478</td>\n",
       "      <td>0.005753</td>\n",
       "    </tr>\n",
       "    <tr>\n",
       "      <th>phone</th>\n",
       "      <td>-0.015804</td>\n",
       "      <td>0.075352</td>\n",
       "      <td>0.094356</td>\n",
       "      <td>0.015161</td>\n",
       "      <td>-0.012494</td>\n",
       "      <td>-0.056621</td>\n",
       "      <td>-0.007279</td>\n",
       "      <td>-0.005729</td>\n",
       "      <td>0.017264</td>\n",
       "      <td>1.000000</td>\n",
       "      <td>-0.005019</td>\n",
       "      <td>-0.005444</td>\n",
       "      <td>-0.043124</td>\n",
       "      <td>0.005804</td>\n",
       "    </tr>\n",
       "    <tr>\n",
       "      <th>writing</th>\n",
       "      <td>0.001599</td>\n",
       "      <td>0.009504</td>\n",
       "      <td>-0.016057</td>\n",
       "      <td>-0.002077</td>\n",
       "      <td>-0.007679</td>\n",
       "      <td>-0.006519</td>\n",
       "      <td>-0.013734</td>\n",
       "      <td>-0.000873</td>\n",
       "      <td>-0.005689</td>\n",
       "      <td>-0.005019</td>\n",
       "      <td>1.000000</td>\n",
       "      <td>-0.001552</td>\n",
       "      <td>-0.012270</td>\n",
       "      <td>0.001842</td>\n",
       "    </tr>\n",
       "    <tr>\n",
       "      <th>gambling</th>\n",
       "      <td>-0.010551</td>\n",
       "      <td>0.033953</td>\n",
       "      <td>-0.013673</td>\n",
       "      <td>-0.002712</td>\n",
       "      <td>-0.008832</td>\n",
       "      <td>-0.023974</td>\n",
       "      <td>-0.003788</td>\n",
       "      <td>-0.003858</td>\n",
       "      <td>0.000671</td>\n",
       "      <td>-0.005444</td>\n",
       "      <td>-0.001552</td>\n",
       "      <td>1.000000</td>\n",
       "      <td>-0.030170</td>\n",
       "      <td>0.012909</td>\n",
       "    </tr>\n",
       "    <tr>\n",
       "      <th>sleeping</th>\n",
       "      <td>0.010324</td>\n",
       "      <td>-0.041956</td>\n",
       "      <td>0.046865</td>\n",
       "      <td>-0.025801</td>\n",
       "      <td>-0.004910</td>\n",
       "      <td>-0.332465</td>\n",
       "      <td>0.035563</td>\n",
       "      <td>-0.025609</td>\n",
       "      <td>0.040478</td>\n",
       "      <td>-0.043124</td>\n",
       "      <td>-0.012270</td>\n",
       "      <td>-0.030170</td>\n",
       "      <td>1.000000</td>\n",
       "      <td>-0.002721</td>\n",
       "    </tr>\n",
       "    <tr>\n",
       "      <th>gap</th>\n",
       "      <td>-0.017501</td>\n",
       "      <td>0.099584</td>\n",
       "      <td>0.018821</td>\n",
       "      <td>-0.009053</td>\n",
       "      <td>-0.000952</td>\n",
       "      <td>-0.067800</td>\n",
       "      <td>-0.019328</td>\n",
       "      <td>0.003671</td>\n",
       "      <td>0.005753</td>\n",
       "      <td>0.005804</td>\n",
       "      <td>0.001842</td>\n",
       "      <td>0.012909</td>\n",
       "      <td>-0.002721</td>\n",
       "      <td>1.000000</td>\n",
       "    </tr>\n",
       "  </tbody>\n",
       "</table>\n",
       "</div>"
      ],
      "text/plain": [
       "                         ID       Age       Sex  drug_use  relaxing_thinking  \\\n",
       "ID                 1.000000 -0.007162 -0.017115  0.010170          -0.005620   \n",
       "Age               -0.007162  1.000000  0.051919 -0.012528           0.108553   \n",
       "Sex               -0.017115  0.051919  1.000000  0.002179          -0.019879   \n",
       "drug_use           0.010170 -0.012528  0.002179  1.000000          -0.003088   \n",
       "relaxing_thinking -0.005620  0.108553 -0.019879 -0.003088           1.000000   \n",
       "working           -0.007540 -0.172342 -0.128552  0.007088          -0.079454   \n",
       "TV                -0.004635  0.252330 -0.084646 -0.004657          -0.047878   \n",
       "Radio             -0.012316  0.054733 -0.019857 -0.001341           0.021202   \n",
       "religious          0.012055  0.061291  0.051106 -0.015033           0.010611   \n",
       "phone             -0.015804  0.075352  0.094356  0.015161          -0.012494   \n",
       "writing            0.001599  0.009504 -0.016057 -0.002077          -0.007679   \n",
       "gambling          -0.010551  0.033953 -0.013673 -0.002712          -0.008832   \n",
       "sleeping           0.010324 -0.041956  0.046865 -0.025801          -0.004910   \n",
       "gap               -0.017501  0.099584  0.018821 -0.009053          -0.000952   \n",
       "\n",
       "                    working        TV     Radio  religious     phone  \\\n",
       "ID                -0.007540 -0.004635 -0.012316   0.012055 -0.015804   \n",
       "Age               -0.172342  0.252330  0.054733   0.061291  0.075352   \n",
       "Sex               -0.128552 -0.084646 -0.019857   0.051106  0.094356   \n",
       "drug_use           0.007088 -0.004657 -0.001341  -0.015033  0.015161   \n",
       "relaxing_thinking -0.079454 -0.047878  0.021202   0.010611 -0.012494   \n",
       "working            1.000000 -0.313846 -0.023008  -0.132238 -0.056621   \n",
       "TV                -0.313846  1.000000 -0.006814  -0.006948 -0.007279   \n",
       "Radio             -0.023008 -0.006814  1.000000   0.025761 -0.005729   \n",
       "religious         -0.132238 -0.006948  0.025761   1.000000  0.017264   \n",
       "phone             -0.056621 -0.007279 -0.005729   0.017264  1.000000   \n",
       "writing           -0.006519 -0.013734 -0.000873  -0.005689 -0.005019   \n",
       "gambling          -0.023974 -0.003788 -0.003858   0.000671 -0.005444   \n",
       "sleeping          -0.332465  0.035563 -0.025609   0.040478 -0.043124   \n",
       "gap               -0.067800 -0.019328  0.003671   0.005753  0.005804   \n",
       "\n",
       "                    writing  gambling  sleeping       gap  \n",
       "ID                 0.001599 -0.010551  0.010324 -0.017501  \n",
       "Age                0.009504  0.033953 -0.041956  0.099584  \n",
       "Sex               -0.016057 -0.013673  0.046865  0.018821  \n",
       "drug_use          -0.002077 -0.002712 -0.025801 -0.009053  \n",
       "relaxing_thinking -0.007679 -0.008832 -0.004910 -0.000952  \n",
       "working           -0.006519 -0.023974 -0.332465 -0.067800  \n",
       "TV                -0.013734 -0.003788  0.035563 -0.019328  \n",
       "Radio             -0.000873 -0.003858 -0.025609  0.003671  \n",
       "religious         -0.005689  0.000671  0.040478  0.005753  \n",
       "phone             -0.005019 -0.005444 -0.043124  0.005804  \n",
       "writing            1.000000 -0.001552 -0.012270  0.001842  \n",
       "gambling          -0.001552  1.000000 -0.030170  0.012909  \n",
       "sleeping          -0.012270 -0.030170  1.000000 -0.002721  \n",
       "gap                0.001842  0.012909 -0.002721  1.000000  "
      ]
     },
     "execution_count": 39,
     "metadata": {},
     "output_type": "execute_result"
    }
   ],
   "source": [
    "interesting_data.corr()"
   ]
  },
  {
   "cell_type": "code",
   "execution_count": null,
   "metadata": {
    "collapsed": false
   },
   "outputs": [],
   "source": []
  },
  {
   "cell_type": "code",
   "execution_count": null,
   "metadata": {
    "collapsed": true
   },
   "outputs": [],
   "source": []
  }
 ],
 "metadata": {
  "kernelspec": {
   "display_name": "Python 3",
   "language": "python",
   "name": "python3"
  },
  "language_info": {
   "codemirror_mode": {
    "name": "ipython",
    "version": 3
   },
   "file_extension": ".py",
   "mimetype": "text/x-python",
   "name": "python",
   "nbconvert_exporter": "python",
   "pygments_lexer": "ipython3",
   "version": "3.4.3"
  }
 },
 "nbformat": 4,
 "nbformat_minor": 0
}
